20 15
 3 25  26 11 75  76 14 75  70  1 76  75 10 38 36  2 62 56  4 38 48  7 59  53  0 14  23 12 13   8  5 46  48  9 31  22  6 57  70 13 92 81  8  3  -9
 5 67  59  0  5 -12  3 11  18  8 11   9  4 40 42  1 34 32 12 77 74 14 42  39  6 35  32  7 96 102 10 22  28  2 55  58  9 21  38 13 29 23 11 16  24
 2 22  37  3 98 101 14  8  10  0 35  20  9 59 76 12 31 38  5 13 39  4 46  45  7 52  44 10 22  30  8 18   3 11 19  19 13 64  58  1 29 36  6 70  73
 8 99 112 10 42  47  1  2  -8 13 35  44  3 11  5  4 92 93 14 88 92  9 97  82  2 21  21  5 56  62 11 17  -1  7 43  46  0 27  16  6 19 -8 12 23  15
14 50  57  8  5  12  1 59  54  2 71  60 10 47 47  9 39 20 12 82 87  4 35  20  6 12  22  5  2  -1  0 39  33 13 42  24  3 52  50 11 65 65  7 35  23
 3 48  41 10 57  73  1  5  15  5  2  24  6 60 77  0 64 67  8 86 93  7  3 -12 11 51  47 13 26  31  2 34  22 14 39  49 12 45  59  9 63 73  4 54  69
 2 40  29 10 43  37  1 50  71 12 71  87  8 46 43  0 99 94  7 67 76  6 34  31 14  6   3 13 95  99  4 67  62  3 54  60  5 29  21  9 30 41 11 60  58
 1 59  43  0  3   8  2 85  78  4  6  11  7 46 45 13 49 48 11  5 -4  3 82  73 12 18  26  5 71  71  6 48  41 14 79  77  9 62  69  8 65 48 10 76  85
 4 65  70  5 55  35  9 81  74 10 15 -11  7 32 32  6 52 48  2 97 85  1 69  84 12 82 102  3 89 101 13 69  87  0 87  77  8 22   7 14 71 83 11 63  55
 1 70  67  4 74  63  3 52  49 10 94  71 14 14 28  0 81 89  6 24 30 13 14  29 11 32  44  8 39  39  5 67  66 12 59  54  7 18   6  9 77 76  2 50  57
 3 18   8 10  6  -8  1 96  97  0 53  40  9 35 27  8 99 93 14 39 45  6 18  26  4 14  26  7 90 105  2 64  68 12 81  89  5 89  99 11 48 55 13 80  95
 2 44  38  7 75  62  6 12  12  8 13  21  3 74 71  5 59 63 14 71 73  4 75  82  1 30  32  0 93 104  9 26  29 10 30  32 13 84 100 11 91 92 12 93 100
 0 39  46  7 56  67 14 13  14  8 29  38 12 55 65 10 69 72  9 26 30  3  7  17  6 55  41  1 48  47  4 22  30  2 46  59 11 50  55 13 96 84  5 17  18
12 57  51  3 14  26  9  8   1  4 13   4  1 95 91  0 53 49 10 78 78  6 24  13  5 92  91  2 90  75 14 68  81 13 87  94  7 43  64  8 75 83 11 94  94
 3 93  85 14 92 102  6 18   9  5 28  13 13 27 33  9 40 37  1 56 68  0 83  95 12 51  45  7 15   5  2 97 102  4 48  46 10 53  48  8 78 84 11 39  22
 5 47  23 14 34  23  6 42  39 12 28  40  8 11 19  2 11  9  4 30 27  9 14   6 11 10   6 13  4   8  3 20  34  1 92 102  7 19   6  0 59 45 10 28  26
 3 69  60  7 82  73 10 64  52 14 40  41  0 27 33  8 82 88  1 27 36 11 43  37  5 56  57 13 17  24  4 18  31 12 20  31  6 98 100  9 43 48  2 68  59
10 84  72  8 26  23  2 87  88 11 61  73 13 95 83  6 23  3 14 88 97  3 89 100  9 49  40  7 84  85  4 12  16  5 51  35 12  3 -12  0 44 29  1 20  11
 3 43  50  2 54  54 12 18  14 13 72  93  1 70 57  6 28 37 14 20 13  5 22  12  4 59  84  8 36  25  9 85  88 11 13  17  0 73  88 10 29 41  7 45  55
11  7  13 14 97  95  5  4 -13  6 22  21 10 74 66  9 45 69 13 62 74  1 95  87  4 66  65  8 14   8  0 40  50  3 23   2 12 79  92  2 34 25  7  8  -7