20 15
 3 25  15  13 11 75  71  81 14 75 101  64  1 76 94 73 10 38  52  23  2 62 65  64  4 38  33 35  7 59  59 60  0 14 -5   1 12 13   4 -15  5 46  32  53  9 31 34 22  6 57  66  57 13 92 83 98  8  3  16  -1
 5 67  74  70  0  5   8  -8  3 11  -3   0  8 11 14 10  4 40  38  53  1 34 49  15 12 77  56 72 14 42  46 48  6 35 32  14  7 96 115  89 10 22  26  22  2 55 52 66  9 21  34   7 13 29  3 22 11 16  19  19
 2 22  26  33  3 98 108  94 14  8  -6   0  0 35 47 28  9 59  70  66 12 31 53  31  5 13 -10 33  4 46  46 45  7 52 66  49 10 22  11  18  8 18  24  14 11 19 37  9 13 64  56  50  1 29 48 46  6 70  67  61
 8 99  81 114 10 42  48  48  1  2  -2  14 13 35 35 23  3 11   2  14  4 92 78  97 14 88  78 83  9 97  92 94  2 21 26   8  5 56  49  42 11 17  12   7  7 43 44 47  0 27  46  22  6 19 32 13 12 23  16  29
14 50  60  61  8  5  10   6  1 59  77  54  2 71 62 65 10 47  34  40  9 39 55  23 12 82 100 66  4 35  46  7  6 12 29   5  5  2   4   1  0 39  35  54 13 42 53 41  3 52  57  62 11 65 62 74  7 35  46  29
 3 48  36  51 10 57  48  61  1  5   2  15  5  2 11 23  6 60  73  65  0 64 58  54  8 86  91 99  7  3  12  2 11 51 45  63 13 26  29   8  2 34  50  12 14 39 31 35 12 45  51  40  9 63 56 63  4 54  66  51
 2 40  61  43 10 43  38  39  1 50  43  57 12 71 68 69  8 46  40  64  0 99 80  96  7 67  71 70  6 34  34 42 14  6  9   4 13 95  85  98  4 67  56  47  3 54 64 51  5 29  24  27  9 30 29 27 11 60  58  62
 1 59  58  64  0  3  28  13  2 85  90  86  4  6 10 14  7 46  51  58 13 49 60  47 11  5   0 10  3 82  99 71 12 18 23  18  5 71  70  69  6 48  64  59 14 79 81 74  9 62  71  66  8 65 61 61 10 76  79  59
 4 65  64  62  5 55  49  62  9 81  73  83 10 15 11 11  7 32  27  61  6 52 53  44  2 97  81 82  1 69  59 64 12 82 80  93  3 89  84  93 13 69  69  75  0 87 92 87  8 22  21  42 14 71 72 60 11 63  57  46
 1 70  64  55  4 74  84  96  3 52  55  44 10 94 87 81 14 14   0  11  0 81 91  77  6 24   6 45 13 14  -5 20 11 32 51  44  8 39  47  19  5 67  75  60 12 59 59 45  7 18   5   8  9 77 96 68  2 50  36  26
 3 18  36  25 10  6   1 -19  1 96  85  88  0 53 73 44  9 35  42  18  8 99 95 109 14 39  33 25  6 18  26 24  4 14 17  25  7 90  85  94  2 64  53  61 12 81 82 59  5 89  83  96 11 48 32 41 13 80  81 110
 2 44  54  39  7 75  59  71  6 12  12  23  8 13  8 21  3 74  85  72  5 59 67  55 14 71  71 56  4 75  75 84  1 30 36  28  0 93 103  87  9 26  24  12 10 30 37 26 13 84  86  86 11 91 91 94 12 93 101  92
 0 39  45  41  7 56  62  54 14 13  23  19  8 29 21 27 12 55  48  37 10 69 67  82  9 26  33 26  3  7  11 14  6 55 67  63  1 48  69  60  4 22   5  23  2 46 56 44 11 50  34  51 13 96 90 74  5 17  16  28
12 57  64  64  3 14  16   3  9  8  20   6  4 13  7 15  1 95 112 100  0 53 57  44 10 78  98 87  6 24  40 43  5 92 80 101  2 90  98  72 14 68  72  63 13 87 67 95  7 43  41  42  8 75 83 76 11 94  99  82
 3 93 101  89 14 92  82  88  6 18  26   3  5 28 35 24 13 27  46  34  9 40 43  48  1 56  51 61  0 83  81 77 12 51 54  50  7 15  29  18  2 97 100  95  4 48 61 29 10 53  34  41  8 78 78 58 11 39  28  46
 5 47  52  32 14 34  41  50  6 42  64  44 12 28 31 27  8 11  28  16  2 11  2  19  4 30  24 36  9 14   1 13 11 10 34  -2 13  4   6  16  3 20  18  31  1 92 97 86  7 19  11  21  0 59 41 46 10 28  30  16
 3 69  66  57  7 82  95  91 10 64  69  66 14 40 35 28  0 27  48  33  8 82 80  86  1 27  37 40 11 43  60 50  5 56 48  57 13 17  22  16  4 18  19 -13 12 20 37 18  6 98 115 108  9 43 47 63  2 68  61  96
10 84  85  65  8 26  19  27  2 87  69  86 11 61 56 54 13 95  89  87  6 23 25  26 14 88  87 89  3 89  92 95  9 49 51  68  7 84 101  74  4 12   1   2  5 51 59 45 12  3  15  -6  0 44 30 27  1 20   3  16
 3 43  64  50  2 54  55  47 12 18  15  10 13 72 68 74  1 70  76  66  6 28 35  27 14 20  16 24  5 22  17 23  4 59 59  69  8 36  35  40  9 85  75  83 11 13 26 27  0 73  80  68 10 29 21 21  7 45  39  49
11  7   0  -3 14 97  85  90  5  4 -17 -11  6 22 12 19 10 74  90  82  9 45 47  29 13 62  57 68  1 95 108 72  4 66 80  64  8 14  23   8  0 40  39  28  3 23 24 38 12 79  92  87  2 34 26 32  7  8   2  11